Measurement	pURPLE1501501_SubRng9_141714828
0	570
1	0.1032
2	0.1056
3	0.1056
4	0.1064
5	0.1061
6	0.1071
7	0.1076
8	0.108
9	0.1078
10	0.1085
11	0.108
12	0.1085
13	0.1092
14	0.1088
15	0.1088
16	0.1093
17	0.1089
18	0.1096
19	0.1102
20	0.1103
21	0.11
22	0.1104
23	0.1102
24	0.1107
25	0.1108
26	0.1109
27	0.1109
28	0.1116
29	0.1116
30	0.1122
31	0.1119
32	0.1112
33	0.1114
34	0.1117
35	0.1124
36	0.1119
37	0.1119
38	0.1118
39	0.1119
40	0.1119
41	0.1118
42	0.1117
43	0.1119
44	0.1119
45	0.1126
46	0.1122
47	0.1128
48	0.113
49	0.113
50	0.1122
51	0.1126
52	0.1128
53	0.1125
54	0.1121
55	0.1129
56	0.113
57	0.1124
58	0.1133
59	0.1134
60	0.1125
61	0.1131
62	0.1126
63	0.1134
64	0.1134
65	0.1136
66	0.1123
67	0.1129
68	0.1133
69	0.1125
70	0.1126
71	0.1139
72	0.1128
73	0.1136
74	0.113
75	0.1135
76	0.1135
77	0.1129
78	0.1134
79	0.1135
80	0.1131
81	0.1138
82	0.1139
83	0.1138
84	0.1138
85	0.1133
86	0.1134
87	0.114
88	0.1138
89	0.1129
90	0.1128
91	0.1133
92	0.1136
93	0.1133
94	0.113
95	0.1133
96	0.1132
97	0.1137
98	0.1137
99	0.1144
100	0.1134
101	0.1133
102	0.1137
103	0.114
104	0.1147
105	0.1138
106	0.1137
107	0.114
108	0.1137
109	0.1136
110	0.1135
111	0.1133
112	0.1141
113	0.114
114	0.1139
115	0.1146
116	0.1136
117	0.1132
118	0.1131
119	0.113
120	0.1141
121	0.1143
122	0.1138
123	0.1143
124	0.1138
125	0.1134
126	0.1139
127	0.1135
128	0.114
129	0.1136
130	0.1139
131	0.1141
132	0.1143
133	0.1138
134	0.1141
135	0.114
136	0.1149
137	0.1141
138	0.1144
139	0.1141
140	0.1138
141	0.1133
142	0.1144
143	0.1144
144	0.1142
145	0.1136
146	0.1146
147	0.1135
148	0.1137
149	0.114
150	0.1142
151	0.115
152	1.3335
153	2.5916
154	3.6119
155	4.4164
156	5.0337
157	5.5562
158	5.9696
159	6.2658
160	6.5285
161	6.7354
162	6.9183
163	7.0953
164	7.2008
165	7.3616
166	7.4173
167	7.5026
168	7.573
169	7.648
170	7.7227
171	7.7077
172	7.708
173	7.802
174	7.85
175	7.8448
176	7.8584
177	7.8584
178	7.8622
179	7.9407
180	7.9722
181	7.8936
182	7.9512
183	8.0004
184	7.971
185	7.9079
186	8.0366
187	8.0208
188	7.9849
189	7.971
190	8.0511
191	8.049
192	8.0045
193	8.0526
194	8.0856
195	8.0851
196	8.0333
197	8.0311
198	8.0531
199	8.0692
200	8.0694
201	8.0674
202	8.0185
203	8.0656
204	8.0369
205	8.0692
206	8.1329
207	8.0711
208	8.0834
209	8.0531
210	8.0707
211	8.0839
212	8.1149
213	8.0981
214	8.0963
215	8.0709
216	8.0857
217	8.0801
218	8.053
219	8.0657
220	8.0351
221	8.1329
222	8.1
223	8.0894
224	8.0836
225	8.0836
226	8.0694
227	8.0856
228	8.1
229	8.0821
230	8.1161
231	8.0674
232	8.104
233	8.1164
234	8.0493
235	8.0819
236	8.0654
237	8.0639
238	8.0672
239	8.0654
240	8.0836
241	8.1349
242	8.1349
243	8.0834
244	8.1346
245	8.0674
246	8.1149
247	8.0672
248	8.1018
249	8.1347
250	8.1347
251	8.1201
252	8.0837
253	8.1201
254	8.0674
255	8.1332
256	8.0531
257	8.1181
258	8.1534
259	8.0837
260	8.1147
261	8.0657
262	8.1038
263	8.1021
264	8.139
265	8.102
266	8.1184
267	8.1147
268	8.0548
269	8.0834
270	8.1515
271	8.0874
272	8.0492
273	8.1035
274	8.0836
275	8.1166
276	8.0872
277	8.1164
278	8.1125
279	8.0691
280	8.1
281	8.1476
282	8.0674
283	8.1334
284	8.0836
285	8.1142
286	8.1127
287	8.1331
288	8.0819
289	8.0492
290	8.0817
291	8.0819
292	8.1001
293	8.1662
294	8.1513
295	8.0839
296	8.0348
297	8.1513
298	8.053
299	8.053
300	8.1364
301	8.0025
302	7.826
303	7.666
304	7.477
305	7.3082
306	7.097
307	6.8566
308	6.7001
309	6.5408
310	6.3654
311	6.1463
312	6.0114
313	5.7846
314	5.6264
315	5.4311
316	5.2831
317	5.0783
318	4.9256
319	4.7703
320	4.583
321	4.4637
322	4.3112
323	4.135
324	4.001
325	3.8774
326	3.7269
327	3.5954
328	3.4531
329	3.3356
330	3.2024
331	3.0931
332	2.9673
333	2.8614
334	2.7684
335	2.6403
336	2.5392
337	2.4487
338	2.3458
339	2.2485
340	2.1541
341	2.075
342	1.9897
343	1.9099
344	1.8311
345	1.7568
346	1.6841
347	1.6118
348	1.5446
349	1.4826
350	1.4227
351	1.3659
352	1.3057
353	1.2491
354	1.2048
355	1.1554
356	1.1054
357	1.0614
358	1.0238
359	0.9774
360	0.9356
361	0.9018
362	0.8614
363	0.8289
364	0.7947
365	0.764
366	0.7349
367	0.7063
368	0.6776
369	0.6495
370	0.6266
371	0.6023
372	0.5815
373	0.5595
374	0.5398
375	0.5202
376	0.501
377	0.4831
378	0.4669
379	0.4492
380	0.4338
381	0.4217
382	0.408
383	0.3928
384	0.3814
385	0.3697
386	0.3596
387	0.3487
388	0.3389
389	0.3287
390	0.3187
391	0.3099
392	0.3015
393	0.2947
394	0.2869
395	0.2806
396	0.2742
397	0.2682
398	0.2604
399	0.2561
400	0.2502
401	0.2458
402	0.2412
403	0.2354
404	0.2311
405	0.2269
406	0.2235
407	0.2195
408	0.2159
409	0.2126
410	0.2108
411	0.2083
412	0.205
413	0.2016
414	0.1976
415	0.1953
416	0.1939
417	0.1908
418	0.19
419	0.1871
420	0.1854
421	0.1831
422	0.1822
423	0.1795
424	0.1773
425	0.1759
426	0.1745
427	0.1744
428	0.1718
429	0.17
430	0.1692
431	0.1682
432	0.1665
433	0.1666
434	0.1655
435	0.1639
436	0.1629
437	0.163
438	0.1605
439	0.16
440	0.1583
441	0.1582
442	0.1572
443	0.1569
444	0.157
445	0.1553
446	0.1547
447	0.1547
448	0.1537
449	0.1532
450	0.153
451	0.9532
452	2.2909
453	3.3724
454	4.2225
455	4.8695
456	5.4239
457	5.8489
458	6.2073
459	6.4618
460	6.7261
461	6.8676
462	7.0427
463	7.1447
464	7.3067
465	7.4019
466	7.43
467	7.5617
468	7.6187
469	7.6037
470	7.6927
471	7.8293
472	7.7832
473	7.7344
474	7.833
475	7.8142
476	7.8761
477	7.8778
478	7.9214
479	7.909
480	7.9585
481	7.8917
482	7.9707
483	7.9865
484	7.9585
485	7.9849
486	8.033
487	7.9671
488	8.0223
489	8.0029
490	8.0349
491	7.9886
492	8.1035
493	8.0366
494	8.0204
495	8.1201
496	8.0209
497	8.0707
498	8.0876
499	8.0493
500	8.0188
501	8.0493
502	8.0511
503	8.0353
504	8.1182
505	8.0836
506	8.0998
507	8.0654
508	8.051
509	8.017
510	8.1161
511	8.049
512	8.0983
513	8.0493
514	8.0801
515	8.0671
516	8.0349
517	8.0694
518	8.0674
519	8.0837
520	8.033
521	8.0653
522	8.0315
523	8.0964
524	8.1041
525	8.1144
526	8.0513
527	8.0672
528	8.1145
529	8.0515
530	8.0492
531	8.102
532	8.0817
533	8.1364
534	8.019
535	8.0796
536	8.1018
537	8.1329
538	8.1164
539	8.0333
540	8.1162
541	8.0711
542	8.0513
543	8.0819
544	8.0834
545	8.0854
546	8.1001
547	8.1041
548	8.1184
549	8.1001
550	8.0817
551	8.0851
552	8.1162
553	8.1181
554	8.0832
555	8.0351
556	8.1182
557	8.0981
558	8.0676
559	8.1164
560	8.1021
561	8.0799
562	8.1001
563	8.1532
564	8.1513
565	8.0834
566	8.0822
567	8.0819
568	8.0674
569	8.0692
570	8.049
571	8.1182
572	8.1166
573	8.0983
574	8.0817
575	8.0493
576	8.0857
577	8.0515
578	8.0857
579	8.0852
580	8.1167
581	8.0172
582	8.151
583	8.0368
584	8.1166
585	8.1332
586	8.1147
587	8.0657
588	8.0654
589	8.0689
590	8.0692
591	8.0152
592	8.0331
593	8.1038
594	8.1164
595	8.102
596	8.0857
597	8.1515
598	8.1
599	8.0964
600	8.1515
601	7.9388
602	7.7834
603	7.5472
604	7.2889
605	7.0797
606	6.9154
607	6.7748
608	6.5285
609	6.3346
610	6.1518
611	5.9901
612	5.8661
613	5.6427
614	5.4475
615	5.2736
616	5.0872
617	4.954
618	4.7898
619	4.6189
620	4.4678
621	4.2882
622	4.1511
623	4.0156
624	3.849
625	3.7297
626	3.6045
627	3.4698
628	3.3501
629	3.2017
630	3.0906
631	2.9756
632	2.8737
633	2.7577
634	2.6533
635	2.5536
636	2.4363
637	2.3612
638	2.257
639	2.1672
640	2.0777
641	1.9946
642	1.9134
643	1.8317
644	1.7592
645	1.6819
646	1.6201
647	1.5479
648	1.4924
649	1.4306
650	1.3691
651	1.3131
652	1.2606
653	1.2142
654	1.1594
655	1.11
656	1.0648
657	1.0244
658	0.9797
659	0.9442
660	0.9047
661	0.8713
662	0.831
663	0.8007
664	0.7674
665	0.737
666	0.7102
667	0.6844
668	0.6591
669	0.6318
670	0.61
671	0.5849
672	0.5667
673	0.5455
674	0.5282
675	0.5079
676	0.4895
677	0.4753
678	0.46
679	0.4431
680	0.429
681	0.4158
682	0.403
683	0.3891
684	0.38
685	0.367
686	0.3562
687	0.3449
688	0.3374
689	0.3284
690	0.3193
691	0.3125
692	0.3046
693	0.2974
694	0.2901
695	0.2831
696	0.2781
697	0.2718
698	0.2658
699	0.2591
700	0.2549
701	0.25
702	0.2463
703	0.241
704	0.2364
705	0.2335
706	0.2297
707	0.2269
708	0.2231
709	0.2189
710	0.2157
711	0.2141
712	0.2109
713	0.2074
714	0.2059
715	0.2024
716	0.2006
717	0.1975
718	0.1962
719	0.1954
720	0.1915
721	0.1897
722	0.1874
723	0.1859
724	0.1854
725	0.1839
726	0.1815
727	0.1811
728	0.1788
729	0.1777
730	0.1771
731	0.1757
732	0.1747
733	0.1737
734	0.1718
735	0.1722
736	0.1718
737	0.1695
738	0.1683
739	0.167
740	0.1675
741	0.1674
742	0.1653
743	0.1659
744	0.1648
745	0.164
746	0.1623
747	0.1618
748	0.1611
749	0.1602
750	0.5338
751	1.8966
752	3.0614
753	3.9758
754	4.6798
755	5.2668
756	5.7327
757	6.0876
758	6.3738
759	6.6549
760	6.8675
761	6.9903
762	7.1591
763	7.2272
764	7.3068
765	7.5036
766	7.5025
767	7.6367
768	7.6345
769	7.6642
770	7.7695
771	7.7495
772	7.7967
773	7.8933
774	7.797
775	7.9267
776	7.8453
777	7.9267
778	7.8933
779	7.9705
780	7.9251
781	7.9527
782	7.9233
783	7.9707
784	7.9901
785	7.9373
786	7.9354
787	7.9393
788	8.0062
789	8.0528
790	8.0349
791	8.0188
792	8.0406
793	8.0045
794	8.0328
795	8.051
796	8.0677
797	7.9832
798	8.0186
799	8.0634
800	8.0382
801	8.0027
802	8.0373
803	8.0852
804	8.0186
805	8.0694
806	8.0349
807	8.0836
808	8.0172
809	8.033
810	8.0978
811	8.0834
812	8.0712
813	8.0696
814	8.0712
815	8.0674
816	8.0857
817	8.0819
818	8.0335
819	8.131
820	8.104
821	8.0819
822	8.047
823	8.0511
824	8.0676
825	8.0892
826	8.0152
827	8.0168
828	8.0172
829	8.1845
830	8.0515
831	8.0854
832	8.0837
833	8.1184
834	8.0822
835	8.1164
836	8.1041
837	8.0839
838	8.0513
839	8.0473
840	8.0654
841	8.0894
842	8.1312
843	8.0692
844	8.0839
845	8.0834
846	8.1001
847	8.1407
848	8.0837
849	8.0979
850	8.1182
851	8.0856
852	8.1312
853	8.0822
854	8.0653
855	8.0983
856	8.0837
857	8.0981
858	8.1005
859	8.0837
860	8.1021
861	8.0656
862	8.0508
863	8.0801
864	8.0186
865	8.1036
866	8.0979
867	8.031
868	8.1166
869	8.0981
870	8.0674
871	8.1166
872	8.0819
873	8.1347
874	8.0472
875	8.0493
876	8.0981
877	8.1038
878	8.0799
879	8.1166
880	8.0998
881	8.0819
882	8.0674
883	8.1368
884	8.0819
885	8.0817
886	8.0348
887	8.1331
888	8.1166
889	8.033
890	8.0694
891	8.1203
892	8.1001
893	8.0657
894	8.0856
895	8.0816
896	8.0857
897	8.1018
898	8.0689
899	8.1164
900	7.9704
901	7.768
902	7.6184
903	7.4158
904	7.1901
905	6.9915
906	6.8457
907	6.5833
908	6.4289
909	6.2702
910	6.0471
911	5.8857
912	5.6855
913	5.5318
914	5.3438
915	5.1526
916	4.9594
917	4.8154
918	4.6548
919	4.5029
920	4.3493
921	4.203
922	4.0493
923	3.9095
924	3.7921
925	3.6541
926	3.4838
927	3.3818
928	3.2503
929	3.1233
930	2.9971
931	2.9115
932	2.7733
933	2.6737
934	2.5776
935	2.4701
936	2.3782
937	2.2833
938	2.1878
939	2.1072
940	2.0106
941	1.9385
942	1.85
943	1.7782
944	1.7117
945	1.6425
946	1.5657
947	1.4999
948	1.4509
949	1.3835
950	1.3298
951	1.2762
952	1.224
953	1.1708
954	1.1303
955	1.0794
956	1.0361
957	0.9887
958	0.9533
959	0.9143
960	0.883
961	0.8412
962	0.8073
963	0.7827
964	0.7523
965	0.7201
966	0.6924
967	0.6664
968	0.6424
969	0.6203
970	0.5953
971	0.576
972	0.5566
973	0.536
974	0.5185
975	0.4987
976	0.4812
977	0.4688
978	0.4493
979	0.4365
980	0.4235
981	0.4097
982	0.3983
983	0.3862
984	0.3746
985	0.3652
986	0.3559
987	0.3457
988	0.3357
989	0.3283
990	0.3189
991	0.3116
992	0.3031
993	0.297
994	0.2901
995	0.2846
996	0.2781
997	0.2733
998	0.2669
999	0.2628
1000	0.2569
1001	0.2525
1002	0.2492
1003	0.2442
1004	0.2398
1005	0.2372
1006	0.2329
1007	0.2286
1008	0.2246
1009	0.2237
1010	0.2191
1011	0.2166
1012	0.215
1013	0.2125
1014	0.2096
1015	0.2062
1016	0.204
1017	0.2019
1018	0.1999
1019	0.199
1020	0.197
1021	0.1952
1022	0.1932
1023	0.1903
1024	0.1892
1025	0.1883
1026	0.1878
1027	0.1853
1028	0.1844
1029	0.1826
1030	0.1811
1031	0.1815
1032	0.1797
1033	0.1782
1034	0.1768
1035	0.1769
1036	0.1769
1037	0.1751
1038	0.1741
1039	0.1733
1040	0.172
1041	0.1717
1042	0.1709
1043	0.1701
1044	0.169
1045	0.1686
1046	0.1679
1047	0.1667
1048	0.1664
1049	0.178
1050	1.4633
1051	2.702
1052	3.6953
1053	4.4802
1054	5.1254
1055	5.5924
1056	5.9793
1057	6.2797
1058	6.5542
1059	6.747
1060	6.9278
1061	7.0956
1062	7.2125
1063	7.3494
1064	7.4614
1065	7.4898
1066	7.557
1067	7.5858
1068	7.6314
1069	7.7094
1070	7.7244
1071	7.7868
1072	7.8621
1073	7.9228
1074	7.8431
1075	7.9231
1076	7.8705
1077	7.8745
1078	7.9058
1079	7.9409
1080	7.9231
1081	7.9566
1082	7.9425
1083	8.0043
1084	8.0548
1085	7.9725
1086	7.9831
1087	8.0027
1088	7.9549
1089	8.0025
1090	8.0009
1091	7.9886
1092	8.0386
1093	8.1036
1094	8.0368
1095	8.049
1096	7.9867
1097	8.0025
1098	8.0854
1099	8.0674
1100	8.053
1101	8.0836
1102	8.0188
1103	7.9988
1104	8.0311
1105	8.0651
1106	8.0369
1107	8.0045
1108	8.0821
1109	8.0188
1110	7.9993
1111	8.0691
1112	8.0672
1113	8.0674
1114	8.0852
1115	8.0366
1116	8.0493
1117	8.0656
1118	8.0998
1119	8.1001
1120	8.1036
1121	8.051
1122	8.0872
1123	8.104
1124	8.0566
1125	8.1
1126	8.1
1127	8.0495
1128	8.0874
1129	8.0672
1130	8.1036
1131	8.0674
1132	8.0822
1133	8.0836
1134	8.0856
1135	8.0331
1136	8.0836
1137	8.1203
1138	8.0837
1139	8.1221
1140	8.1181
1141	8.0983
1142	8.0857
1143	8.0837
1144	8.0836
1145	8.1349
1146	8.0696
1147	8.0966
1148	8.0961
1149	8.0672
1150	8.1184
1151	8.0497
1152	8.0834
1153	8.0208
1154	8.0692
1155	8.1021
1156	8.1021
1157	8.0692
1158	8.0856
1159	8.0892
1160	8.1164
1161	8.1329
1162	8.1129
1163	8.1041
1164	8.051
1165	8.0998
1166	8.1023
1167	8.0528
1168	8.051
1169	8.0493
1170	8.0837
1171	8.1023
1172	8.0313
1173	8.1493
1174	8.0691
1175	8.0817
1176	8.0984
1177	8.0978
1178	8.0694
1179	8.1331
1180	8.0654
1181	8.1331
1182	8.051
1183	8.0654
1184	8.1199
1185	8.1186
1186	8.0837
1187	8.1865
1188	8.1368
1189	8.0731
1190	8.0694
1191	8.053
1192	8.0511
1193	8.0839
1194	8.0208
1195	8.033
1196	8.153
1197	8.0654
1198	8.0172
1199	8.0492
1200	7.8621
1201	7.6185
1202	7.4596
1203	7.2778
1204	7.0185
1205	6.8674
1206	6.6896
1207	6.4498
1208	6.2808
1209	6.1176
1210	5.9034
1211	5.7664
1212	5.5573
1213	5.4005
1214	5.205
1215	5.0281
1216	4.8832
1217	4.71
1218	4.5568
1219	4.3936
1220	4.2719
1221	4.0844
1222	3.962
1223	3.8183
1224	3.6714
1225	3.5352
1226	3.4045
1227	3.2994
1228	3.1619
1229	3.0367
1230	2.931
1231	2.8207
1232	2.7129
1233	2.6062
1234	2.4971
1235	2.4038
1236	2.3114
1237	2.2235
1238	2.1305
1239	2.0499
1240	1.96
1241	1.8721
1242	1.8007
1243	1.7279
1244	1.6588
1245	1.5927
1246	1.53
1247	1.4652
1248	1.4055
1249	1.3533
1250	1.2945
1251	1.238
1252	1.1918
1253	1.1439
1254	1.1006
1255	1.0521
1256	1.0125
1257	0.968
1258	0.9309
1259	0.8976
1260	0.8602
1261	0.8251
1262	0.7922
1263	0.7649
1264	0.7326
1265	0.7062
1266	0.6794
1267	0.6549
1268	0.6317
1269	0.6064
1270	0.5849
1271	0.5649
1272	0.5451
1273	0.5254
1274	0.5093
1275	0.4924
1276	0.4761
1277	0.4611
1278	0.4458
1279	0.4322
1280	0.4184
1281	0.4058
1282	0.3957
1283	0.3833
1284	0.3727
1285	0.3618
1286	0.3519
1287	0.3453
1288	0.3358
1289	0.3271
1290	0.3195
1291	0.311
1292	0.3021
1293	0.297
1294	0.2908
1295	0.285
1296	0.2778
1297	0.2733
1298	0.2702
1299	0.2625
1300	0.2579
1301	0.2535
1302	0.2502
1303	0.2454
1304	0.2424
1305	0.2389
1306	0.2344
1307	0.2308
1308	0.228
1309	0.2249
1310	0.2213
1311	0.2188
1312	0.217
1313	0.2134
1314	0.2127
1315	0.2102
1316	0.2069
1317	0.2052
1318	0.2031
1319	0.2008
1320	0.2001
1321	0.1973
1322	0.1967
1323	0.1942
1324	0.1927
1325	0.1918
1326	0.1899
1327	0.1895
1328	0.1879
1329	0.1867
1330	0.1845
1331	0.1836
1332	0.1819
1333	0.1826
1334	0.1807
1335	0.1791
1336	0.1802
1337	0.1787
1338	0.1769
1339	0.1765
1340	0.1755
1341	0.1754
1342	0.1741
1343	0.174
1344	0.1728
1345	0.1725
1346	0.1717
1347	0.1711
1348	0.17
1349	0.7542
1350	2.3445
1351	3.4124
1352	4.2463
1353	4.9325
1354	5.4503
1355	5.8942
1356	6.1994
1357	6.4948
1358	6.6998
1359	6.918
1360	7.0297
1361	7.1579
1362	7.2811
1363	7.4486
1364	7.444
1365	7.5168
1366	7.604
1367	7.6498
1368	7.7094
1369	7.7226
1370	7.768
1371	7.8003
1372	7.8122
1373	7.8106
1374	7.8276
1375	7.8896
1376	7.8587
1377	7.9567
1378	7.9214
1379	7.9214
1380	7.9212
1381	8.0042
1382	7.9056
1383	7.9705
1384	8.0025
1385	8.0894
1386	8.0208
1387	8.0186
1388	8.0011
1389	7.9707
1390	8.0692
1391	7.9867
1392	8.0386
1393	8.0384
1394	8.0186
1395	8.0333
1396	8.0656
1397	8.0495
1398	8.053
1399	8.0511
1400	8.0011
1401	8.0495
1402	8.0836
1403	8.1182
1404	8.0369
1405	8.0353
1406	8.051
1407	8.104
1408	8.0368
1409	8.0638
1410	8.0657
1411	8.0834
1412	8.0981
1413	8.0877
1414	8.0874
1415	8.0841
1416	8.1349
1417	8.1346
1418	8.1016
1419	8.0817
1420	8.0692
1421	8.0313
1422	8.0672
1423	8.1038
1424	8.0817
1425	8.0366
1426	8.0856
1427	8.1349
1428	8.0817
1429	8.0475
1430	8.0836
1431	8.0368
1432	8.1035
1433	8.1018
1434	8.0513
1435	8.0837
1436	8.051
1437	8.0837
1438	8.1203
1439	8.0168
1440	8.0639
1441	8.053
1442	8.1309
1443	8.0821
1444	8.0493
1445	8.0676
1446	8.0709
1447	8.1368
1448	8.0836
1449	7.9832
1450	8.1366
1451	8.1349
1452	8.0696
1453	8.0511
1454	8.1204
1455	8.0349
1456	8.0331
1457	8.017
1458	8.0837
1459	8.1535
1460	8.0837
1461	8.053
1462	8.1203
1463	8.1347
1464	8.0979
1465	8.0366
1466	8.0966
1467	8.1347
1468	8.0874
1469	8.1201
1470	8.0692
1471	8.0797
1472	8.1164
1473	8.1003
1474	8.1698
1475	8.0528
1476	8.0674
1477	8.1016
1478	8.1018
1479	8.1018
1480	8.0676
1481	8.0653
1482	8.0315
1483	8.1201
1484	8.1035
1485	8.0876
1486	8.0837
1487	8.0797
1488	8.0836
1489	8.0857
1490	8.0691
1491	8.0694
1492	8.102
1493	8.0674
1494	8.0475
1495	8.0676
1496	8.0674
1497	8.0817
1498	8.1162
1499	7.909
1500	7.7077
1501	7.4426
1502	7.2661
1503	7.0557
1504	6.8933
1505	6.7352
1506	6.5393
1507	6.3632
1508	6.1462
1509	5.9709
1510	5.7895
1511	5.6073
1512	5.4481
1513	5.2583
1514	5.101
1515	4.9165
1516	4.7574
1517	4.6128
1518	4.4575
1519	4.3149
1520	4.1608
1521	4.0107
1522	3.8551
1523	3.7264
1524	3.5842
1525	3.4654
1526	3.3391
1527	3.2029
1528	3.0745
1529	2.9729
1530	2.848
1531	2.745
1532	2.642
1533	2.5372
1534	2.4366
1535	2.3359
1536	2.2489
1537	2.154
1538	2.0665
1539	1.9828
1540	1.9089
1541	1.8247
1542	1.751
1543	1.6807
1544	1.6181
1545	1.552
1546	1.4861
1547	1.4302
1548	1.3691
1549	1.3153
1550	1.2607
1551	1.2122
1552	1.1623
1553	1.1108
1554	1.0682
1555	1.0252
1556	0.9866
1557	0.944
1558	0.9099
1559	0.8712
1560	0.8376
1561	0.807
1562	0.7742
1563	0.7444
1564	0.7186
1565	0.6904
1566	0.6651
1567	0.6393
1568	0.6154
1569	0.5942
1570	0.5735
1571	0.5551
1572	0.5376
1573	0.5185
1574	0.5004
1575	0.4814
1576	0.4671
1577	0.4529
1578	0.4401
1579	0.4265
1580	0.4126
1581	0.4018
1582	0.3896
1583	0.3768
1584	0.3696
1585	0.3586
1586	0.3498
1587	0.3417
1588	0.3332
1589	0.3246
1590	0.3173
1591	0.3102
1592	0.3023
1593	0.2971
1594	0.29
1595	0.2825
1596	0.2772
1597	0.2719
1598	0.2689
1599	0.2627
1600	0.2579
1601	0.254
1602	0.251
1603	0.2466
1604	0.2429
1605	0.2384
1606	0.2345
1607	0.2319
1608	0.2293
1609	0.2271
1610	0.2231
1611	0.2209
1612	0.2175
1613	0.2158
1614	0.2139
1615	0.2103
1616	0.2095
1617	0.2065
1618	0.2042
1619	0.2036
1620	0.2021
1621	0.2001
1622	0.1976
1623	0.1964
1624	0.1947
1625	0.193
1626	0.1926
1627	0.1907
1628	0.1892
1629	0.1886
1630	0.1877
1631	0.1866
1632	0.1846
1633	0.1837
1634	0.1832
1635	0.1826
1636	0.1824
1637	0.181
1638	0.1796
1639	0.1781
1640	0.1787
1641	0.178
1642	0.1774
1643	0.1762
1644	0.1752
1645	0.1739
1646	0.1741
1647	0.1726
1648	0.3946
1649	1.7592
1650	2.9431
1651	0
1652	0
1653	0
1654	0
1655	0
1656	0
1657	0
1658	0
1659	0
1660	0
1661	0
1662	0
1663	0
1664	0
1665	0
1666	0
1667	0
1668	0
1669	0
